36333504135
6023326
3267946
2627262
2625711
2951267
2567379
3168956
1920518
2828527
2857491
2741266
2313961
2605044
2335255
2602137
3363675
2561881
3178212
2592422
3078783
2772251
2695941
2838985
2528408
2657965
2208026
2810807
2972979
3321831
2720113
2674721
2632815
2661012
2700983
2715344
2317259
3026392
2196202
2744947
3883812
2947799
2428257
2418211
3658363
3541493
2932408
2772077
2616516
2762764
2670182
2950575
2994567
3600718
3209690
3239120
2736122
2709149
3825628
3000319
3389846
3638445
3133707
3259545
3708369
3236764
3166952
3264913
2758691
3210326
2624128
3403597
2941328
3573488
3020017
3930182
3157411
3664429
2454820
3483684
3418674
3411621
2935749
3567486
3929805
3891603
3501610
3591661
3781258
3526819
3340353
4675027
3611595
3837184
3857920
4197338
4384717
3820169
3975771
4089674
4561932
4138162
4479633
4139304
4755954
4078239
4303454
3887701
4641501
4695252
4396491
4158215
4519860
4073845
4301528
4661636
4954281
4356827
5498632
5204820
5291382
6637077
5339198
5141269
5407936
6069177
5245112
4975616
5728368
5786167
4865343
6418006
6033126
5580973
6463551
6840468
7114036
6327389
6850199
7316338
6658210
6148525
7444441
7625333
7213956
8064995
6383256
8932726
7726914
9100882
7363157
8474387
7917333
9023099
9527382
8386248
8873904
9042974
10368413
10093713
10049901
9544985
9989443
11542242
11849672
11209428
12538877
11573081
11706746
14089012
12664556
13071309
14231269
12877224
13592855
14724560
13704423
14814392
14972053
14501432
16926394
17315082
17818956
18459064
18413072
20106749
18354839
20893765
20676150
21306028
24101854
23597230
24416634
26117495
25185376
27714305
27026070
30194943
29863911
32116954
33279672
34944722
34459549
38174213
40966991
39574829
42875717
48000306
47703962
49687985
56054229
56565846
60055835
65756300
66171990
70764538
77994477
87150848
86610712
94254122
101625217
113046632
120329333
131019716
142533369
157963999
173990208
194774618
213492757
245483088
274447029
312402052
364398400
418176777
495420572
585522943
722442284
897876579
1125419138
1488343741
2060612616
2999621057
4826242905
8967591204
21923011954
117460711233
1219864239563
44684066822
13687620462
6546579715
3824207948
2473345270
1759213405
1306576515
1017655538
803470341
658628465
547823084
464885240
392815384
338140901
294304819
262229643
230853388
210414678
190602313
171221113
153784566
138112347
131001152
120047299
111606287
100132443
96041919
83377602
80241856
75996715
71157719
70194145
64305223
59264940
56521487
54450884
49350245
48248879
45173885
43845117
42877051
42460891
37178900
36620463
33176578
34354943
31518180
32071156
28660709
28152878
26683359
27431871
26150423
25846749
22907673
23661816
22673799
20761056
21278452
20585680
18823801
18429843
19085516
17311570
16945266
16992684
15111049
15540584
15138433
14358124
14436269
15380653
12187111
13651305
12786344
14064760
11964869
12400591
11878200
11241564
10711843
12326888
11485550
11162445
10304318
11237181
9580151
10323752
9392950
9091048
9133059
9366201
9865842
9423201
9849157
9184538
8395707
9239580
8584797
8153983
8230743
8127875
6526618
7486524
7270678
7217387
6801785
6817581
7104682
6257292
6561662
6442619
6380786
6657282
6132027
5818288
5644791
5677091
6193958
5522159
7025165
6241226
6065233
5450630
5395408
6173977
5641749
5650318
5503188
6076590
4707495
5206634
5040471
4926012
4297589
4565538
4980160
5150692
4431841
5004437
4868222
4201036
4300777
4275169
4430808
4496206
4538279
4484989
4040662
3977090
4974647
4596687
4541413
3991950
4539273
4131030
4654486
4313110
3440164
3627579
3976925
4076203
4176757
3394526
4373488
3515710
3348702
4235837
3757783
3940827
2752047
3299323
3724884
3163554
3655210
3197771
3911517
3142004
3346534
3508524
3438601
3240377
3597382
3354845
3493952
2999563
3371426
2846305
2976402
3442646
2549944
3470834
3075088
2635412
3602531
2979213
3416639
2954808
3467850
3617884
3143580
2545164
2458909
2850092
2949873
2777824
2961483
3237987
3173458
2449650
3065838
2980025
2948101
2257983
1954023
2888147
2518392
2712000
3063615
3038053
3086748
2555555
2807186
2543742
2945078
2768953
2804156
2513390
2593886
2797205
2842236
2698075
2696476
2393585
2243201
3009740
2691278
3129259
2616132
2696365
2665230
3009628
2286865
2493900
3617881
2576466
3208961
2415842
2826211
2697892
2406505
1853947
2601776
2462926
2957143
3012897
2716930
2343182
1825913
2598296
2633720
2339233
2295731
2597478
2926917
2728135
2899622
2607262
2292758
2347511
2664743
2604791
1811228
2330354
2747555
3017967
2984642
2468441
2580012
1830063
2399985
2703675
2841089
2398256
3240858
2574303
3602959
2466721
2312845
3004148
2697593
2671162
2640263
3117455
2676067
3024905
2220013
2387775
2725292
2734127
2804440
2798955
2559860
2538086
2845407
2756600
2948363
2562129
2807675
2562363
3087385
3015680
3067985
2709252
2528212
2837070
1936211
2282751
2956170
2946106
3078376
2464650
3149409
3267828
2962035
2786874
2966797
2848659
2461245
2547197
3192784
3601184
3473681
2975851
3392910
2961528
3572985
2628920
3069496
3435601
2549550
3443099
2982585
2879108
3388160
2999566
3476633
3361133
3618662
3235961
3431547
3497966
3298109
3145338
3857055
3209421
3637691
3185855
3680488
3290940
2750086
3943121
3700617
4197271
3338274
3533068
4435134
3407613
4109512
4063950
3956383
3641178
3432173
4333769
4682764
4112427
4534871
4000168
4575393
4615244
4979708
3965689
4047915
4524364
4559772
4495554
4378585
4294430
4313885
4227244
4841577
5048680
4503640
5150204
4997211
4608907
4257674
4936370
5046193
5208323
4699968
6065332
5490873
5625279
5660734
6191402
5372073
5441725
6082781
6236900
7026451
5474596
6205214
5659330
5696598
5772705
6094171
6632549
6392863
6472106
6539988
6254844
7072482
6844509
6749697
7209581
7263497
7536259
6468822
8130536
8134776
8188881
8552625
9252130
8403792
9254320
9770057
9420701
9844636
9346027
9085376
9101459
9336084
10331125
9622396
11257442
10229798
11228484
11588380
12357140
10714905
11190531
11941349
12362414
11975964
14023482
12808090
13654210
12188583
15336928
14358985
14407506
15010715
15465215
15059706
16982016
16895602
17294669
19073029
18385683
18860069
20689977
21326846
20747698
22675493
23698121
22964862
25851023
26144412
27526546
26695606
28097429
28436916
32026440
31462182
34378961
33165860
36455245
37125300
42410629
43025859
43646948
45190978
48308297
49305012
54590193
56771316
59272436
64228617
70136008
70958331
75920072
80249567
83351934
96369657
100197360
111759529
120128637
130837720
138218102
153974053
171792059
190411994
210326058
230950187
262463444
294637482
338218617
392820619
464806566
548191425
658628465
803148936
1018250840
1306193516
1759080345
2474215495
3823330447
6548596188
13687214370
44682032905
1219879018345
117461466886
21923342575
8965906904
4825973099
3000905235
2060577267
1488659243
1125804762
898334648
722317675
585998267
495663549
417870039
364168464
312402791
274080880
245123705
213445211
194724741
173995181
157955019
142528443
131179956
120394383
112883854
101728735
94276160
86678292
87192557
78015486
70768075
66253819
65504039
60066561
56679941
56182824
49410759
47718576
47964788
42879308
39491169
40986931
38019796
34362282
34794598
33306488
32227117
29740904
30179161
27031964
27869885
25233961
26136215
24415645
23675252
24248424
21313613
20757863
20998068
18324652
20078587
18421320
18434778
17888821
17275494
16929897
14427783
14922016
14825334
13685328
14649227
13604041
12905098
14220333
13054681
12695182
14209919
11674264
11606117
12555927
11214695
11844999
11539942
9980568
9517818
10053611
10066233
10396181
9006586
8877740
8419498
9528963
9016126
7877070
8501083
7228208
9072691
7739507
8930378
6358103
8050617
7216130
7642021
7327846
6191648
6657745
7255985
6837670
6391148
7136858
6844063
6472050
5608963
6022728
6401669
4884094
5799984
5727664
4948265
5267901
6101650
5402996
5161477
5312753
6639900
5268194
5155479
5454097
4343858
4940994
4647503
4275631
4087573
4520994
4197261
4421494
4665478
4654942
3827212
4309603
4032249
4748255
4133221
4513106
4139148
4567990
4101162
3965541
3823595
4379687
4234427
3864523
3872948
3618166
4702498
3319699
3537813
3819488
3573190
3488192
3903485
3945897
3559902
2929701
3407664
3423799
3473898
2427457
3647498
3166358
3933160
2989126
3605900
2943840
3388155
2611173
3230371
2751916
3279062
3149476
3249684
3705800
3233481
3134828
3660345
3396952
2983007
3801211
2745498
2715782
3226702
3155753
3576429
2991435
2897555
2628515
2758464
2620316
2789679
2973321
3517440
3649839
2447254
2438442
2891938
3890073
2711048
2202514
3073906
2303429
2721616
2703023
2691364
2634045
2684345
2694232
3328854
2963283
2817504
2177689
2638530
2527960
2805385
2625992
2757913
3064906
2618193
3154358
2563883
3360748
2574345
2295331
2581060
2283866
2686983
2825237
2776814
1901506
3199173
2544840
2896664
2595813
2464315
5899423
13819106
